setting,key,desc,image_rel,image_path,tid,intent_qtype,intent_mode,used_intent,pred_intent,gold_intent,intent_correct,answer,reference_labels,label,BLEU4,TokenF1
A1__t2rgbP__rgb0__tpl1__imode_gold,A1,projector,images_rgb/image_437_rgb.jpg,data/ssvtp\images_rgb/image_437_rgb.jpg,437,property,gold,gold,,,0,"The surface feels soft, lined, fabric, providing a consistent and stable tactile experience.",,"smooth, glossy, patterned",0.04368583925857939,0.0
A1__t2rgbP__rgb0__tpl1__imode_gold,A1,projector,images_rgb/image_437_rgb.jpg,data/ssvtp\images_rgb/image_437_rgb.jpg,437,comparison,gold,gold,,,0,"The surface feels soft, lined, fabric. It closely matches with fabric, lined, soft.",,"smooth, glossy, patterned",0.04368583925857939,0.0
A1__t2rgbP__rgb0__tpl1__imode_gold,A1,projector,images_rgb/image_437_rgb.jpg,data/ssvtp\images_rgb/image_437_rgb.jpg,437,judgement,gold,gold,,,0,"The sample feels soft, lined, fabric. These cues may indicate a fabric-like material.",,"smooth, glossy, patterned",0.040161384364076534,0.0
A1__t2rgbP__rgb0__tpl1__imode_gold,A1,projector,images_rgb/image_4210_rgb.jpg,data/ssvtp\images_rgb/image_4210_rgb.jpg,4210,property,gold,gold,,,0,"The surface feels shiny, sewn, indicating a consistent and stable texture.",,"flat, lined, hard",0.053001566897562954,0.0
A1__t2rgbP__rgb0__tpl1__imode_gold,A1,projector,images_rgb/image_4210_rgb.jpg,data/ssvtp\images_rgb/image_4210_rgb.jpg,4210,comparison,gold,gold,,,0,"The surface feels smooth, fabric. It is similar to the reference tactile labels fabric, smooth, indicating a close match.",,"flat, lined, hard",0.028629993657668874,0.0
A1__t2rgbP__rgb0__tpl1__imode_gold,A1,projector,images_rgb/image_4210_rgb.jpg,data/ssvtp\images_rgb/image_4210_rgb.jpg,4210,judgement,gold,gold,,,0,"The sample feels soft, fabric. These cues may indicate a fabric-like material.",,"flat, lined, hard",0.04368583925857939,0.0
A1__t2rgbP__rgb0__tpl1__imode_gold,A1,projector,images_rgb/image_3312_rgb.jpg,data/ssvtp\images_rgb/image_3312_rgb.jpg,3312,property,gold,gold,,,0,"The surface feels fabric, soft, lined, providing a consistent and stable tactile experience.",,"fabric, coarse, deformable",0.05195151087116781,0.125
A1__t2rgbP__rgb0__tpl1__imode_gold,A1,projector,images_rgb/image_3312_rgb.jpg,data/ssvtp\images_rgb/image_3312_rgb.jpg,3312,comparison,gold,gold,,,0,"The surface feels fabric, grainy. It best matches with the reference tactile labels.",,"fabric, coarse, deformable",0.05195151087116781,0.13333333333333333
A1__t2rgbP__rgb0__tpl1__imode_gold,A1,projector,images_rgb/image_3312_rgb.jpg,data/ssvtp\images_rgb/image_3312_rgb.jpg,3312,judgement,gold,gold,,,0,"The sample feels fabric, lined. These cues may indicate a fabric-like material.",,"fabric, coarse, deformable",0.05195151087116781,0.13333333333333333
A1__t2rgbP__rgb0__tpl1__imode_gold,A1,projector,images_rgb/image_3131_rgb.jpg,data/ssvtp\images_rgb/image_3131_rgb.jpg,3131,property,gold,gold,,,0,"The surface feels soft, lined, fabric, providing a consistent and stable tactile experience.",,"sewn, coarse, fabric, deformable",0.05195151087116781,0.11764705882352941
A1__t2rgbP__rgb0__tpl1__imode_gold,A1,projector,images_rgb/image_3131_rgb.jpg,data/ssvtp\images_rgb/image_3131_rgb.jpg,3131,comparison,gold,gold,,,0,"The surface feels soft, lined, fabric. It resembles fabric more than hard, smooth, indicating a closer match with fabric.",,"sewn, coarse, fabric, deformable",0.03404699216018259,0.09523809523809523
A1__t2rgbP__rgb0__tpl1__imode_gold,A1,projector,images_rgb/image_3131_rgb.jpg,data/ssvtp\images_rgb/image_3131_rgb.jpg,3131,judgement,gold,gold,,,0,"The sample feels grainy, deformable. These cues may indicate a wood-like material.",,"sewn, coarse, fabric, deformable",0.05195151087116781,0.11764705882352941
A1__t2rgbP__rgb0__tpl1__imode_gold,A1,projector,images_rgb/image_3881_rgb.jpg,data/ssvtp\images_rgb/image_3881_rgb.jpg,3881,property,gold,gold,,,0,"The surface feels smooth, fabric, providing a consistent and stable tactile experience.",,"flimsy, glossy, sewn",0.04789232204309912,0.0
A1__t2rgbP__rgb0__tpl1__imode_gold,A1,projector,images_rgb/image_3881_rgb.jpg,data/ssvtp\images_rgb/image_3881_rgb.jpg,3881,comparison,gold,gold,,,0,"The surface feels smooth, fabric. It closely matches with the reference tactile cues: fabric, smooth.",,"flimsy, glossy, sewn",0.03716499092256817,0.0
A1__t2rgbP__rgb0__tpl1__imode_gold,A1,projector,images_rgb/image_3881_rgb.jpg,data/ssvtp\images_rgb/image_3881_rgb.jpg,3881,judgement,gold,gold,,,0,"The sample feels shiny, smooth. These cues may indicate a metal-like material.",,"flimsy, glossy, sewn",0.04368583925857939,0.0
A1__t2rgbP__rgb0__tpl1__imode_gold,A1,projector,images_rgb/image_2275_rgb.jpg,data/ssvtp\images_rgb/image_2275_rgb.jpg,2275,property,gold,gold,,,0,"The surface feels lined, fabric, soft, providing a consistent and stable tactile experience.",,"lined, deformable, soft, woven",0.06178110636313397,0.23529411764705882
A1__t2rgbP__rgb0__tpl1__imode_gold,A1,projector,images_rgb/image_2275_rgb.jpg,data/ssvtp\images_rgb/image_2275_rgb.jpg,2275,comparison,gold,gold,,,0,"The surface feels lined, fabric. It resembles fabric, soft more than hard, patterned, indicating a consistent and stable texture.",,"lined, deformable, soft, woven",0.04048892532133102,0.1818181818181818
A1__t2rgbP__rgb0__tpl1__imode_gold,A1,projector,images_rgb/image_2275_rgb.jpg,data/ssvtp\images_rgb/image_2275_rgb.jpg,2275,judgement,gold,gold,,,0,"The sample feels fabric, patterned. These cues may indicate a fabric-like material.",,"lined, deformable, soft, woven",0.04368583925857939,0.0
A1__t2rgbP__rgb0__tpl1__imode_gold,A1,projector,images_rgb/image_1398_rgb.jpg,data/ssvtp\images_rgb/image_1398_rgb.jpg,1398,property,gold,gold,,,0,"The surface feels lined, fabric, providing a consistent and stable tactile experience.",,"soft, lined, fabric",0.08054496384843701,0.26666666666666666
A1__t2rgbP__rgb0__tpl1__imode_gold,A1,projector,images_rgb/image_1398_rgb.jpg,data/ssvtp\images_rgb/image_1398_rgb.jpg,1398,comparison,gold,gold,,,0,"The surface feels soft, lined, fabric. It best matches with the reference tactile cues: fabric, soft.",,"soft, lined, fabric",0.09103526405546068,0.375
A1__t2rgbP__rgb0__tpl1__imode_gold,A1,projector,images_rgb/image_1398_rgb.jpg,data/ssvtp\images_rgb/image_1398_rgb.jpg,1398,judgement,gold,gold,,,0,"The sample feels lined, fabric. These cues may indicate a fabric-like material.",,"soft, lined, fabric",0.0734705312597788,0.26666666666666666
A1__t2rgbP__rgb0__tpl1__imode_gold,A1,projector,images_rgb/image_1871_rgb.jpg,data/ssvtp\images_rgb/image_1871_rgb.jpg,1871,property,gold,gold,,,0,"The surface feels grainy, fabric, providing a consistent and stable tactile experience.",,"lined, grainy, fabric",0.08054496384843701,0.26666666666666666
A1__t2rgbP__rgb0__tpl1__imode_gold,A1,projector,images_rgb/image_1871_rgb.jpg,data/ssvtp\images_rgb/image_1871_rgb.jpg,1871,comparison,gold,gold,,,0,"The surface feels fabric, lined, sewn. It closely matches with the reference tactile labels fabric, soft, indicating a similar touch sensation.",,"lined, grainy, fabric",0.036321698830878636,0.18181818181818182
A1__t2rgbP__rgb0__tpl1__imode_gold,A1,projector,images_rgb/image_1871_rgb.jpg,data/ssvtp\images_rgb/image_1871_rgb.jpg,1871,judgement,gold,,,,0,[ERROR]: Connection error.,,"lined, grainy, fabric",0.31947155212313627,0.0
A1__t2rgbP__rgb0__tpl1__imode_gold,A1,projector,images_rgb/image_2751_rgb.jpg,data/ssvtp\images_rgb/image_2751_rgb.jpg,2751,property,gold,gold,,,0,"The surface feels soft, fabric, providing a consistent and stable tactile experience.",,"sewn, soft, fabric",0.08054496384843701,0.26666666666666666
A1__t2rgbP__rgb0__tpl1__imode_gold,A1,projector,images_rgb/image_2751_rgb.jpg,data/ssvtp\images_rgb/image_2751_rgb.jpg,2751,comparison,gold,gold,,,0,"The surface feels soft, fabric. It closely matches with the reference tactile cues: fabric, soft.",,"sewn, soft, fabric",0.06250381527944884,0.26666666666666666
A1__t2rgbP__rgb0__tpl1__imode_gold,A1,projector,images_rgb/image_2751_rgb.jpg,data/ssvtp\images_rgb/image_2751_rgb.jpg,2751,judgement,gold,gold,,,0,"The material feels soft, lined, fabric. These cues may indicate a fabric-like material.",,"sewn, soft, fabric",0.0567967744513558,0.26666666666666666
A1__t2rgbP__rgb0__tpl1__imode_gold,A1,projector,images_rgb/image_2875_rgb.jpg,data/ssvtp\images_rgb/image_2875_rgb.jpg,2875,property,gold,gold,,,0,"The surface feels soft, lined, fabric, providing a consistent and stable tactile experience.",,"fabric, soft, deformable",0.06178110636313397,0.25
A1__t2rgbP__rgb0__tpl1__imode_gold,A1,projector,images_rgb/image_2875_rgb.jpg,data/ssvtp\images_rgb/image_2875_rgb.jpg,2875,comparison,gold,gold,,,0,"The surface feels soft, fabric. It resembles fabric, smooth, indicating a consistent and stable tactile experience.",,"fabric, soft, deformable",0.04891187874480726,0.2222222222222222
A1__t2rgbP__rgb0__tpl1__imode_gold,A1,projector,images_rgb/image_2875_rgb.jpg,data/ssvtp\images_rgb/image_2875_rgb.jpg,2875,judgement,gold,gold,,,0,"The sample feels fabric, smooth. These cues may indicate a fabric-like material.",,"fabric, soft, deformable",0.05195151087116781,0.13333333333333333
A1__t2rgbP__rgb0__tpl1__imode_gold,A1,projector,images_rgb/image_960_rgb.jpg,data/ssvtp\images_rgb/image_960_rgb.jpg,960,property,gold,gold,,,0,"The surface feels soft, fabric, lined, providing a consistent and stable tactile experience.",,"soft, lined, fabric",0.06837203339116285,0.375
A1__t2rgbP__rgb0__tpl1__imode_gold,A1,projector,images_rgb/image_960_rgb.jpg,data/ssvtp\images_rgb/image_960_rgb.jpg,960,comparison,gold,gold,,,0,"The surface feels soft, lined, fabric. It closely matches the fabric, soft reference.",,"soft, lined, fabric",0.11498759556447223,0.4615384615384615
A1__t2rgbP__rgb0__tpl1__imode_gold,A1,projector,images_rgb/image_960_rgb.jpg,data/ssvtp\images_rgb/image_960_rgb.jpg,960,judgement,gold,gold,,,0,"The sample feels soft, lined, fabric. These cues may indicate a fabric-like material.",,"soft, lined, fabric",0.10571070857151538,0.375
A1__t2rgbP__rgb0__tpl1__imode_gold,A1,projector,images_rgb/image_2427_rgb.jpg,data/ssvtp\images_rgb/image_2427_rgb.jpg,2427,property,gold,gold,,,0,"The surface feels plastic, glossy, smooth, providing a consistent and stable tactile experience.",,"smooth, plastic, deformable",0.06178110636313397,0.25
A1__t2rgbP__rgb0__tpl1__imode_gold,A1,projector,images_rgb/image_2427_rgb.jpg,data/ssvtp\images_rgb/image_2427_rgb.jpg,2427,comparison,gold,gold,,,0,"The surface feels glossy, smooth. It closely matches the glossy, smooth reference tactile cues.",,"smooth, plastic, deformable",0.04776020403411885,0.14285714285714288
A1__t2rgbP__rgb0__tpl1__imode_gold,A1,projector,images_rgb/image_2427_rgb.jpg,data/ssvtp\images_rgb/image_2427_rgb.jpg,2427,judgement,gold,gold,,,0,"The surface feels glossy, fabric. These cues may indicate a fabric-like material.",,"smooth, plastic, deformable",0.04368583925857939,0.0
A1__t2rgbP__rgb0__tpl1__imode_gold,A1,projector,images_rgb/image_1793_rgb.jpg,data/ssvtp\images_rgb/image_1793_rgb.jpg,1793,property,gold,gold,,,0,"The surface feels hard, splotchy, glossy, providing a consistent and stable tactile experience.",,"hard, smooth, flat, splotchy",0.06178110636313397,0.23529411764705882
A1__t2rgbP__rgb0__tpl1__imode_gold,A1,projector,images_rgb/image_1793_rgb.jpg,data/ssvtp\images_rgb/image_1793_rgb.jpg,1793,comparison,gold,gold,,,0,"The surface feels hard, splotchy, glossy. It resembles these tactile traits: glossy, hard.",,"hard, smooth, flat, splotchy",0.06178110636313397,0.26666666666666666
A1__t2rgbP__rgb0__tpl1__imode_gold,A1,projector,images_rgb/image_1793_rgb.jpg,data/ssvtp\images_rgb/image_1793_rgb.jpg,1793,judgement,gold,gold,,,0,"The sample feels hard, splotchy. These cues may indicate a stone-like material.",,"hard, smooth, flat, splotchy",0.06178110636313397,0.23529411764705882
A1__t2rgbP__rgb0__tpl1__imode_gold,A1,projector,images_rgb/image_185_rgb.jpg,data/ssvtp\images_rgb/image_185_rgb.jpg,185,property,gold,gold,,,0,"The surface feels soft, lined, fabric, providing a consistent and stable tactile experience.",,"mesh, plastic, deformable, hard",0.04368583925857939,0.0
A1__t2rgbP__rgb0__tpl1__imode_gold,A1,projector,images_rgb/image_185_rgb.jpg,data/ssvtp\images_rgb/image_185_rgb.jpg,185,comparison,gold,gold,,,0,"The surface feels shiny, woven. It closely matches the ""metallic, woven"" reference.",,"mesh, plastic, deformable, hard",0.04789232204309912,0.0
A1__t2rgbP__rgb0__tpl1__imode_gold,A1,projector,images_rgb/image_185_rgb.jpg,data/ssvtp\images_rgb/image_185_rgb.jpg,185,judgement,gold,gold,,,0,"The sample feels grainy, fabric. These cues may indicate a fabric-like material.",,"mesh, plastic, deformable, hard",0.04368583925857939,0.0
A1__t2rgbP__rgb0__tpl1__imode_gold,A1,projector,images_rgb/image_2096_rgb.jpg,data/ssvtp\images_rgb/image_2096_rgb.jpg,2096,property,gold,gold,,,0,"The surface feels soft, lined, fabric, providing a consistent and stable tactile experience.",,"deformable, grainy, woven",0.04368583925857939,0.0
A1__t2rgbP__rgb0__tpl1__imode_gold,A1,projector,images_rgb/image_2096_rgb.jpg,data/ssvtp\images_rgb/image_2096_rgb.jpg,2096,comparison,gold,gold,,,0,"The surface feels soft, fabric. It closely matches with fabric, soft, indicating a consistent tactile experience.",,"deformable, grainy, woven",0.034585921141027376,0.0
A1__t2rgbP__rgb0__tpl1__imode_gold,A1,projector,images_rgb/image_2096_rgb.jpg,data/ssvtp\images_rgb/image_2096_rgb.jpg,2096,judgement,gold,gold,,,0,"The sample feels soft, fabric. These cues may indicate a fabric-like material.",,"deformable, grainy, woven",0.04368583925857939,0.0
A1__t2rgbP__rgb0__tpl1__imode_gold,A1,projector,images_rgb/image_464_rgb.jpg,data/ssvtp\images_rgb/image_464_rgb.jpg,464,property,gold,gold,,,0,"The surface feels lined, fabric, soft, providing a consistent and stable tactile experience.",,"hard, splotchy, smooth, flat",0.04368583925857939,0.0
A1__t2rgbP__rgb0__tpl1__imode_gold,A1,projector,images_rgb/image_464_rgb.jpg,data/ssvtp\images_rgb/image_464_rgb.jpg,464,comparison,gold,gold,,,0,"The surface feels soft, lined, fabric. It closely matches with the fabric, lined reference.",,"hard, splotchy, smooth, flat",0.040161384364076534,0.0
A1__t2rgbP__rgb0__tpl1__imode_gold,A1,projector,images_rgb/image_464_rgb.jpg,data/ssvtp\images_rgb/image_464_rgb.jpg,464,judgement,gold,gold,,,0,"The surface feels fabric, lined. These cues may indicate a fabric-like material.",,"hard, splotchy, smooth, flat",0.04368583925857939,0.0
A1__t2rgbP__rgb0__tpl1__imode_gold,A1,projector,images_rgb/image_4490_rgb.jpg,data/ssvtp\images_rgb/image_4490_rgb.jpg,4490,property,gold,gold,,,0,"The surface feels rubbery, deformable, wired, providing a consistent and stable tactile experience.",,"uneven, patterned, thick",0.04368583925857939,0.0
A1__t2rgbP__rgb0__tpl1__imode_gold,A1,projector,images_rgb/image_4490_rgb.jpg,data/ssvtp\images_rgb/image_4490_rgb.jpg,4490,comparison,gold,gold,,,0,"The surface is glossy, woven. It resembles the glossy, woven reference tactile sample.",,"uneven, patterned, thick",0.04368583925857939,0.0
A1__t2rgbP__rgb0__tpl1__imode_gold,A1,projector,images_rgb/image_4490_rgb.jpg,data/ssvtp\images_rgb/image_4490_rgb.jpg,4490,judgement,gold,gold,,,0,"The sample feels shiny, woven. These cues may indicate a metal-like material.",,"uneven, patterned, thick",0.04368583925857939,0.0
A1__t2rgbP__rgb0__tpl1__imode_gold,A1,projector,images_rgb/image_2997_rgb.jpg,data/ssvtp\images_rgb/image_2997_rgb.jpg,2997,property,gold,gold,,,0,"The surface feels soft, fabric, providing a consistent and stable tactile experience.",,"deformable, grainy, fabric",0.05695389012765513,0.13333333333333333
A1__t2rgbP__rgb0__tpl1__imode_gold,A1,projector,images_rgb/image_2997_rgb.jpg,data/ssvtp\images_rgb/image_2997_rgb.jpg,2997,comparison,gold,gold,,,0,"The surface feels soft, fabric. It resembles fabric, woven, indicating a consistent and stable texture.",,"deformable, grainy, fabric",0.044196871634129616,0.11764705882352941
A1__t2rgbP__rgb0__tpl1__imode_gold,A1,projector,images_rgb/image_2997_rgb.jpg,data/ssvtp\images_rgb/image_2997_rgb.jpg,2997,judgement,gold,gold,,,0,"The sample feels lined, fabric. These cues may indicate a fabric-like material.",,"deformable, grainy, fabric",0.05195151087116781,0.13333333333333333
A1__t2rgbP__rgb0__tpl1__imode_gold,A1,projector,images_rgb/image_4330_rgb.jpg,data/ssvtp\images_rgb/image_4330_rgb.jpg,4330,property,gold,gold,,,0,"The surface feels smooth, fabric, providing a consistent and stable tactile experience.",,"hard, lined, smooth",0.05695389012765513,0.13333333333333333
A1__t2rgbP__rgb0__tpl1__imode_gold,A1,projector,images_rgb/image_4330_rgb.jpg,data/ssvtp\images_rgb/image_4330_rgb.jpg,4330,comparison,gold,gold,,,0,"The surface feels shiny, smooth. It resembles the glossy, smooth, fabric qualities.",,"hard, lined, smooth",0.05695389012765513,0.15384615384615383
A1__t2rgbP__rgb0__tpl1__imode_gold,A1,projector,images_rgb/image_4330_rgb.jpg,data/ssvtp\images_rgb/image_4330_rgb.jpg,4330,judgement,gold,gold,,,0,"The sample feels lined, rubbery, deformable. These cues may indicate a rubber-like material.",,"hard, lined, smooth",0.04776020403411885,0.11764705882352941
A1__t2rgbP__rgb0__tpl1__imode_gold,A1,projector,images_rgb/image_473_rgb.jpg,data/ssvtp\images_rgb/image_473_rgb.jpg,473,property,gold,gold,,,0,"The surface feels lined, fabric, providing a consistent and stable tactile experience.",,"uneven, patterned, sewn, fabric",0.05695389012765513,0.125
A1__t2rgbP__rgb0__tpl1__imode_gold,A1,projector,images_rgb/image_473_rgb.jpg,data/ssvtp\images_rgb/image_473_rgb.jpg,473,comparison,gold,gold,,,0,"The surface feels lined, fabric, soft. It closely matches with fabric, soft, indicating a consistent tactile experience.",,"uneven, patterned, sewn, fabric",0.038461875130248735,0.10526315789473685
A1__t2rgbP__rgb0__tpl1__imode_gold,A1,projector,images_rgb/image_473_rgb.jpg,data/ssvtp\images_rgb/image_473_rgb.jpg,473,judgement,gold,gold,,,0,"The sample feels lined, fabric, soft. These cues may indicate a fabric-like material.",,"uneven, patterned, sewn, fabric",0.04776020403411885,0.11764705882352941
A1__t2rgbP__rgb0__tpl1__imode_gold,A1,projector,images_rgb/image_3177_rgb.jpg,data/ssvtp\images_rgb/image_3177_rgb.jpg,3177,property,gold,gold,,,0,"The surface feels soft, fabric, indicating a fabric-like material.",,"elastic, lined, deformable, wrinkly",0.059342026097604875,0.0
A1__t2rgbP__rgb0__tpl1__imode_gold,A1,projector,images_rgb/image_3177_rgb.jpg,data/ssvtp\images_rgb/image_3177_rgb.jpg,3177,comparison,gold,gold,,,0,"The surface feels soft, fabric. It closely matches the reference tactile labels.",,"elastic, lined, deformable, wrinkly",0.04789232204309912,0.0
A1__t2rgbP__rgb0__tpl1__imode_gold,A1,projector,images_rgb/image_3177_rgb.jpg,data/ssvtp\images_rgb/image_3177_rgb.jpg,3177,judgement,gold,gold,,,0,"The sample feels soft, fabric. These cues may indicate a fabric-like material.",,"elastic, lined, deformable, wrinkly",0.04368583925857939,0.0
A1__t2rgbP__rgb0__tpl1__imode_gold,A1,projector,images_rgb/image_2262_rgb.jpg,data/ssvtp\images_rgb/image_2262_rgb.jpg,2262,property,gold,gold,,,0,"The surface feels soft, lined, fabric, providing a tactile impression consistent with these cues.",,"lined, fabric, sewn",0.06754312828675708,0.23529411764705882
A1__t2rgbP__rgb0__tpl1__imode_gold,A1,projector,images_rgb/image_2262_rgb.jpg,data/ssvtp\images_rgb/image_2262_rgb.jpg,2262,comparison,gold,gold,,,0,"The surface feels soft, lined, fabric. It is similar to the fabric, lined reference tactile sample.",,"lined, fabric, sewn",0.05816635421147516,0.25
A1__t2rgbP__rgb0__tpl1__imode_gold,A1,projector,images_rgb/image_2262_rgb.jpg,data/ssvtp\images_rgb/image_2262_rgb.jpg,2262,judgement,gold,gold,,,0,"The surface feels soft, lined, fabric. These cues may indicate a fabric-like material.",,"lined, fabric, sewn",0.06754312828675708,0.25
A1__t2rgbP__rgb0__tpl1__imode_gold,A1,projector,images_rgb/image_2187_rgb.jpg,data/ssvtp\images_rgb/image_2187_rgb.jpg,2187,property,gold,gold,,,0,"The surface feels soft, lined, fabric, providing a consistent and stable tactile experience.",,"lined, deformable, soft, woven",0.06178110636313397,0.23529411764705882
A1__t2rgbP__rgb0__tpl1__imode_gold,A1,projector,images_rgb/image_2187_rgb.jpg,data/ssvtp\images_rgb/image_2187_rgb.jpg,2187,comparison,gold,gold,,,0,"The surface feels lined, flat, fabric. It resembles the reference tactile labels fabric, smooth, indicating a similar tactile experience.",,"lined, deformable, soft, woven",0.03404699216018259,0.1
A1__t2rgbP__rgb0__tpl1__imode_gold,A1,projector,images_rgb/image_2187_rgb.jpg,data/ssvtp\images_rgb/image_2187_rgb.jpg,2187,judgement,gold,gold,,,0,"The sample feels fabric, lined. These cues may indicate a fabric-like material.",,"lined, deformable, soft, woven",0.05195151087116781,0.125
A1__t2rgbP__rgb0__tpl1__imode_gold,A1,projector,images_rgb/image_2480_rgb.jpg,data/ssvtp\images_rgb/image_2480_rgb.jpg,2480,property,gold,gold,,,0,"The surface feels soft, fabric, providing a consistent and stable tactile experience.",,"mesh, deformable, flimsy",0.04789232204309912,0.0
A1__t2rgbP__rgb0__tpl1__imode_gold,A1,projector,images_rgb/image_2480_rgb.jpg,data/ssvtp\images_rgb/image_2480_rgb.jpg,2480,comparison,gold,gold,,,0,"The surface feels soft, fabric. It closely matches with the reference tactile cues: textile, fabric, indicating a fabric-like material.",,"mesh, deformable, flimsy",0.027076576267554473,0.0
A1__t2rgbP__rgb0__tpl1__imode_gold,A1,projector,images_rgb/image_2480_rgb.jpg,data/ssvtp\images_rgb/image_2480_rgb.jpg,2480,judgement,gold,gold,,,0,"The sample feels soft, fabric. These cues may indicate a fabric-like material.",,"mesh, deformable, flimsy",0.04368583925857939,0.0
A1__t2rgbP__rgb0__tpl1__imode_gold,A1,projector,images_rgb/image_691_rgb.jpg,data/ssvtp\images_rgb/image_691_rgb.jpg,691,property,gold,gold,,,0,"The surface feels elastic, wrinkly, fabric, providing a consistent and stable tactile experience.",,"elastic, sewn, wrinkly",0.06178110636313397,0.25
A1__t2rgbP__rgb0__tpl1__imode_gold,A1,projector,images_rgb/image_691_rgb.jpg,data/ssvtp\images_rgb/image_691_rgb.jpg,691,comparison,gold,gold,,,0,"The sample feels soft, fabric. It closely matches with the reference tactile cues: fabric, soft.",,"elastic, sewn, wrinkly",0.03716499092256817,0.0
A1__t2rgbP__rgb0__tpl1__imode_gold,A1,projector,images_rgb/image_691_rgb.jpg,data/ssvtp\images_rgb/image_691_rgb.jpg,691,judgement,gold,gold,,,0,"The sample feels soft, fabric. These cues may indicate a fabric-like material.",,"elastic, sewn, wrinkly",0.04368583925857939,0.0
A1__t2rgbP__rgb0__tpl1__imode_gold,A1,projector,images_rgb/image_906_rgb.jpg,data/ssvtp\images_rgb/image_906_rgb.jpg,906,property,gold,gold,,,0,"The surface feels soft, lined, fabric, providing a consistent and stable tactile experience.",,"lined, grainy, fabric, deformable",0.06178110636313397,0.23529411764705882
A1__t2rgbP__rgb0__tpl1__imode_gold,A1,projector,images_rgb/image_906_rgb.jpg,data/ssvtp\images_rgb/image_906_rgb.jpg,906,comparison,gold,gold,,,0,"The surface feels fabric, smooth, lined. It closely matches the fabric, smooth reference tactile cues.",,"lined, grainy, fabric, deformable",0.052559234208168874,0.25
A1__t2rgbP__rgb0__tpl1__imode_gold,A1,projector,images_rgb/image_906_rgb.jpg,data/ssvtp\images_rgb/image_906_rgb.jpg,906,judgement,gold,gold,,,0,"The sample feels soft, lined, fabric. These cues may indicate a fabric-like material.",,"lined, grainy, fabric, deformable",0.0567967744513558,0.23529411764705882
A1__t2rgbP__rgb0__tpl1__imode_gold,A1,projector,images_rgb/image_2764_rgb.jpg,data/ssvtp\images_rgb/image_2764_rgb.jpg,2764,property,gold,gold,,,0,"The surface feels soft, lined, fabric, providing a consistent and stable tactile experience.",,"fabric, soft, sewn",0.06178110636313397,0.25
A1__t2rgbP__rgb0__tpl1__imode_gold,A1,projector,images_rgb/image_2764_rgb.jpg,data/ssvtp\images_rgb/image_2764_rgb.jpg,2764,comparison,gold,gold,,,0,"The surface is soft, lined, fabric. It resembles fabric, fluffy, indicating a consistent and stable tactile feel.",,"fabric, soft, sewn",0.04573913556123801,0.21052631578947367
A1__t2rgbP__rgb0__tpl1__imode_gold,A1,projector,images_rgb/image_2764_rgb.jpg,data/ssvtp\images_rgb/image_2764_rgb.jpg,2764,judgement,gold,gold,,,0,"The sample feels soft, lined, fabric. These cues may indicate a fabric-like material.",,"fabric, soft, sewn",0.0567967744513558,0.25
A1__t2rgbP__rgb0__tpl1__imode_gold,A1,projector,images_rgb/image_1391_rgb.jpg,data/ssvtp\images_rgb/image_1391_rgb.jpg,1391,property,gold,gold,,,0,"The surface feels soft, lined, fabric, providing a consistent and stable tactile experience.",,"soft, deformable, fabric",0.06178110636313397,0.25
A1__t2rgbP__rgb0__tpl1__imode_gold,A1,projector,images_rgb/image_1391_rgb.jpg,data/ssvtp\images_rgb/image_1391_rgb.jpg,1391,comparison,gold,gold,,,0,"The surface feels soft, lined, fabric. It closely matches with fabric, lined, indicating a tactile similarity.",,"soft, deformable, fabric",0.04891187874480726,0.23529411764705882
A1__t2rgbP__rgb0__tpl1__imode_gold,A1,projector,images_rgb/image_1391_rgb.jpg,data/ssvtp\images_rgb/image_1391_rgb.jpg,1391,judgement,gold,gold,,,0,"The material feels soft, lined, fabric. These cues may indicate a fabric-like material.",,"soft, deformable, fabric",0.0567967744513558,0.26666666666666666
A1__t2rgbP__rgb0__tpl1__imode_gold,A1,projector,images_rgb/image_700_rgb.jpg,data/ssvtp\images_rgb/image_700_rgb.jpg,700,property,gold,gold,,,0,"The surface feels hard, glossy, providing a consistent and stable tactile experience.",,"flat, hard, uneven",0.05695389012765513,0.13333333333333333
A1__t2rgbP__rgb0__tpl1__imode_gold,A1,projector,images_rgb/image_700_rgb.jpg,data/ssvtp\images_rgb/image_700_rgb.jpg,700,comparison,gold,gold,,,0,"The surface feels hard, splotchy, glossy. It closely matches the glossy, hard, splotchy reference labels.",,"flat, hard, uneven",0.044196871634129616,0.14285714285714288
A1__t2rgbP__rgb0__tpl1__imode_gold,A1,projector,images_rgb/image_700_rgb.jpg,data/ssvtp\images_rgb/image_700_rgb.jpg,700,judgement,gold,gold,,,0,"The sample feels plastic, engraved, flat. These cues may indicate a plastic-like material.",,"flat, hard, uneven",0.04776020403411885,0.125
A1__t2rgbP__rgb0__tpl1__imode_gold,A1,projector,images_rgb/image_1346_rgb.jpg,data/ssvtp\images_rgb/image_1346_rgb.jpg,1346,property,gold,gold,,,0,"The surface feels flat, hard, splotchy, providing a consistent and stable tactile experience.",,"hard, flat, splotchy, grainy",0.06837203339116285,0.3529411764705882
A1__t2rgbP__rgb0__tpl1__imode_gold,A1,projector,images_rgb/image_1346_rgb.jpg,data/ssvtp\images_rgb/image_1346_rgb.jpg,1346,comparison,gold,gold,,,0,"The surface feels flat, hard. It resembles fabric, smooth, indicating a consistent and stable texture.",,"hard, flat, splotchy, grainy",0.052559234208168874,0.2105263157894737
A1__t2rgbP__rgb0__tpl1__imode_gold,A1,projector,images_rgb/image_1346_rgb.jpg,data/ssvtp\images_rgb/image_1346_rgb.jpg,1346,judgement,gold,gold,,,0,"The sample feels hard, splotchy, glossy. These cues may indicate a metal-like material.",,"hard, flat, splotchy, grainy",0.0567967744513558,0.22222222222222224
A1__t2rgbP__rgb0__tpl1__imode_gold,A1,projector,images_rgb/image_1697_rgb.jpg,data/ssvtp\images_rgb/image_1697_rgb.jpg,1697,property,gold,gold,,,0,"The surface feels soft, lined, fabric, providing a consistent and stable tactile experience.",,"fabric, coarse, sewn",0.05195151087116781,0.125
A1__t2rgbP__rgb0__tpl1__imode_gold,A1,projector,images_rgb/image_1697_rgb.jpg,data/ssvtp\images_rgb/image_1697_rgb.jpg,1697,comparison,gold,gold,,,0,"The surface feels lined, fabric, soft. It closely matches with the reference tactile labels.",,"fabric, coarse, sewn",0.04776020403411885,0.125
A1__t2rgbP__rgb0__tpl1__imode_gold,A1,projector,images_rgb/image_1697_rgb.jpg,data/ssvtp\images_rgb/image_1697_rgb.jpg,1697,judgement,gold,gold,,,0,"The sample feels lined, fabric. These cues may indicate a fabric-like material.",,"fabric, coarse, sewn",0.05195151087116781,0.13333333333333333
A1__t2rgbP__rgb0__tpl1__imode_gold,A1,projector,images_rgb/image_2447_rgb.jpg,data/ssvtp\images_rgb/image_2447_rgb.jpg,2447,property,gold,gold,,,0,"The surface feels soft, lined, fabric, providing a consistent and stable tactile experience.",,"fabric, uneven, coarse",0.05195151087116781,0.125
A1__t2rgbP__rgb0__tpl1__imode_gold,A1,projector,images_rgb/image_2447_rgb.jpg,data/ssvtp\images_rgb/image_2447_rgb.jpg,2447,comparison,gold,gold,,,0,"The surface is lined, fabric. It resembles fabric, lined, soft, indicating a consistent and stable tactile experience.",,"fabric, uneven, coarse",0.038461875130248735,0.1111111111111111
A1__t2rgbP__rgb0__tpl1__imode_gold,A1,projector,images_rgb/image_2447_rgb.jpg,data/ssvtp\images_rgb/image_2447_rgb.jpg,2447,judgement,gold,gold,,,0,"The sample feels lined, fabric. These cues may indicate a fabric-like material.",,"fabric, uneven, coarse",0.05195151087116781,0.13333333333333333
A1__t2rgbP__rgb0__tpl1__imode_gold,A1,projector,images_rgb/image_3940_rgb.jpg,data/ssvtp\images_rgb/image_3940_rgb.jpg,3940,property,gold,gold,,,0,"The surface feels soft, lined, fabric, providing a consistent and stable tactile experience.",,"woven, thick, deformable",0.04368583925857939,0.0
A1__t2rgbP__rgb0__tpl1__imode_gold,A1,projector,images_rgb/image_3940_rgb.jpg,data/ssvtp\images_rgb/image_3940_rgb.jpg,3940,comparison,gold,gold,,,0,"The surface feels shiny, woven. It resembles fabric, woven, shiny, round, indicating a consistent and stable texture.",,"woven, thick, deformable",0.038461875130248735,0.1111111111111111
A1__t2rgbP__rgb0__tpl1__imode_gold,A1,projector,images_rgb/image_3940_rgb.jpg,data/ssvtp\images_rgb/image_3940_rgb.jpg,3940,judgement,gold,gold,,,0,"The sample feels fabric, smooth. These cues may indicate a fabric-like material.",,"woven, thick, deformable",0.04368583925857939,0.0
A1__t2rgbP__rgb0__tpl1__imode_gold,A1,projector,images_rgb/image_3773_rgb.jpg,data/ssvtp\images_rgb/image_3773_rgb.jpg,3773,property,gold,gold,,,0,"The surface feels soft, lined, fabric, indicating these properties.",,"fabric, lined, elastic",0.09535414040914189,0.3333333333333333
A1__t2rgbP__rgb0__tpl1__imode_gold,A1,projector,images_rgb/image_3773_rgb.jpg,data/ssvtp\images_rgb/image_3773_rgb.jpg,3773,comparison,gold,gold,,,0,"The surface feels soft, lined, fabric, patterned. It best matches with the reference tactile labels fabric, lined, sewn, indicating a tactile similarity.",,"fabric, lined, elastic",0.041080536624612696,0.1904761904761905
A1__t2rgbP__rgb0__tpl1__imode_gold,A1,projector,images_rgb/image_3773_rgb.jpg,data/ssvtp\images_rgb/image_3773_rgb.jpg,3773,judgement,gold,gold,,,0,"The sample feels soft, lined, fabric. These cues may indicate a fabric-like material.",,"fabric, lined, elastic",0.0567967744513558,0.25
A1__t2rgbP__rgb0__tpl1__imode_gold,A1,projector,images_rgb/image_2669_rgb.jpg,data/ssvtp\images_rgb/image_2669_rgb.jpg,2669,property,gold,gold,,,0,"The surface feels hard, splotchy, glossy, providing a consistent and stable tactile experience.",,"coarse, mesh, deformable",0.04368583925857939,0.0
A1__t2rgbP__rgb0__tpl1__imode_gold,A1,projector,images_rgb/image_2669_rgb.jpg,data/ssvtp\images_rgb/image_2669_rgb.jpg,2669,comparison,gold,gold,,,0,"The surface feels shiny, woven. It closely matches the reference tactile cues of smooth, fabric, indicating a consistent tactile experience.",,"coarse, mesh, deformable",0.027076576267554473,0.0
A1__t2rgbP__rgb0__tpl1__imode_gold,A1,projector,images_rgb/image_2669_rgb.jpg,data/ssvtp\images_rgb/image_2669_rgb.jpg,2669,judgement,gold,gold,,,0,"The sample feels soft, fabric. These cues may indicate a fabric-like material.",,"coarse, mesh, deformable",0.04368583925857939,0.0
A1__t2rgbP__rgb0__tpl1__imode_gold,A1,projector,images_rgb/image_1419_rgb.jpg,data/ssvtp\images_rgb/image_1419_rgb.jpg,1419,property,gold,gold,,,0,"The surface feels hard, smooth, splotchy, providing a consistent and stable tactile experience.",,"hard, flat, splotchy, smooth",0.06837203339116285,0.3529411764705882
A1__t2rgbP__rgb0__tpl1__imode_gold,A1,projector,images_rgb/image_1419_rgb.jpg,data/ssvtp\images_rgb/image_1419_rgb.jpg,1419,comparison,gold,gold,,,0,"The surface feels hard, smooth. It closely matches with the reference tactile labels glossy, plastic, indicating a similar tactile experience.",,"hard, flat, splotchy, smooth",0.038292061380205016,0.1818181818181818
A1__t2rgbP__rgb0__tpl1__imode_gold,A1,projector,images_rgb/image_1419_rgb.jpg,data/ssvtp\images_rgb/image_1419_rgb.jpg,1419,judgement,gold,gold,,,0,"The sample feels hard, smooth, plastic. These cues may indicate a plastic-like material.",,"hard, flat, splotchy, smooth",0.0567967744513558,0.23529411764705882
A1__t2rgbP__rgb0__tpl1__imode_gold,A1,projector,images_rgb/image_2399_rgb.jpg,data/ssvtp\images_rgb/image_2399_rgb.jpg,2399,property,gold,gold,,,0,"The surface feels soft, lined, fabric, providing a consistent and stable tactile experience.",,"lined, coarse, uneven, fabric",0.06178110636313397,0.23529411764705882
A1__t2rgbP__rgb0__tpl1__imode_gold,A1,projector,images_rgb/image_2399_rgb.jpg,data/ssvtp\images_rgb/image_2399_rgb.jpg,2399,comparison,gold,gold,,,0,"The surface feels soft, lined, fabric. It best matches with the reference tactile labels fabric, smooth, indicating a similar tactile experience.",,"lined, coarse, uneven, fabric",0.036321698830878636,0.1818181818181818
A1__t2rgbP__rgb0__tpl1__imode_gold,A1,projector,images_rgb/image_2399_rgb.jpg,data/ssvtp\images_rgb/image_2399_rgb.jpg,2399,judgement,gold,gold,,,0,"The material feels soft, fabric. These cues may indicate a fabric-like material.",,"lined, coarse, uneven, fabric",0.05195151087116781,0.13333333333333333
A1__t2rgbP__rgb0__tpl1__imode_gold,A1,projector,images_rgb/image_4174_rgb.jpg,data/ssvtp\images_rgb/image_4174_rgb.jpg,4174,property,gold,gold,,,0,"The surface feels woven, shiny, providing a consistent and stable tactile experience.",,"woven, deformable, thick",0.05695389012765513,0.13333333333333333
A1__t2rgbP__rgb0__tpl1__imode_gold,A1,projector,images_rgb/image_4174_rgb.jpg,data/ssvtp\images_rgb/image_4174_rgb.jpg,4174,comparison,gold,gold,,,0,"The surface feels soft, lined, fabric. It best matches the fabric, fluffy, soft reference tactile labels.",,"woven, deformable, thick",0.034585921141027376,0.0
A1__t2rgbP__rgb0__tpl1__imode_gold,A1,projector,images_rgb/image_4174_rgb.jpg,data/ssvtp\images_rgb/image_4174_rgb.jpg,4174,judgement,gold,gold,,,0,"The sample feels smooth, fabric. These cues may indicate a fabric-like material.",,"woven, deformable, thick",0.04368583925857939,0.0
A1__t2rgbP__rgb0__tpl1__imode_gold,A1,projector,images_rgb/image_2007_rgb.jpg,data/ssvtp\images_rgb/image_2007_rgb.jpg,2007,property,gold,gold,,,0,"The surface feels grainy, fabric, providing a consistent and stable tactile experience.",,"soft, fabric, deformable",0.05695389012765513,0.13333333333333333
A1__t2rgbP__rgb0__tpl1__imode_gold,A1,projector,images_rgb/image_2007_rgb.jpg,data/ssvtp\images_rgb/image_2007_rgb.jpg,2007,comparison,gold,gold,,,0,"The surface is lined, fabric. It resembles the tactile qualities of fabric, soft, indicating a consistent tactile experience.",,"soft, fabric, deformable",0.0429538241783181,0.2222222222222222
A1__t2rgbP__rgb0__tpl1__imode_gold,A1,projector,images_rgb/image_2007_rgb.jpg,data/ssvtp\images_rgb/image_2007_rgb.jpg,2007,judgement,gold,gold,,,0,"The sample feels fabric, lined. These cues may indicate a fabric-like material.",,"soft, fabric, deformable",0.05195151087116781,0.13333333333333333
A1__t2rgbP__rgb0__tpl1__imode_gold,A1,projector,images_rgb/image_4023_rgb.jpg,data/ssvtp\images_rgb/image_4023_rgb.jpg,4023,property,gold,gold,,,0,"The surface feels soft, grainy, fabric, providing a consistent and stable tactile experience.",,"grainy, fabric, coarse",0.0734705312597788,0.25
A1__t2rgbP__rgb0__tpl1__imode_gold,A1,projector,images_rgb/image_4023_rgb.jpg,data/ssvtp\images_rgb/image_4023_rgb.jpg,4023,comparison,gold,gold,,,0,"The surface feels fabric, grainy. It closely matches with the reference tactile labels.",,"grainy, fabric, coarse",0.06178110636313397,0.26666666666666666
A1__t2rgbP__rgb0__tpl1__imode_gold,A1,projector,images_rgb/image_4023_rgb.jpg,data/ssvtp\images_rgb/image_4023_rgb.jpg,4023,judgement,gold,gold,,,0,"The sample feels soft, lined, fabric. These cues may indicate a fabric-like material.",,"grainy, fabric, coarse",0.04776020403411885,0.125
A1__t2rgbP__rgb0__tpl1__imode_gold,A1,projector,images_rgb/image_1575_rgb.jpg,data/ssvtp\images_rgb/image_1575_rgb.jpg,1575,property,gold,gold,,,0,"The surface feels flat, hard, splotchy, smooth, providing a consistent and stable tactile experience.",,"glossy, splotchy, hard, flat",0.06285596338261261,0.3333333333333333
A1__t2rgbP__rgb0__tpl1__imode_gold,A1,projector,images_rgb/image_1575_rgb.jpg,data/ssvtp\images_rgb/image_1575_rgb.jpg,1575,comparison,gold,gold,,,0,"The surface feels hard, splotchy, glossy. It closely matches the lined, fabric, soft reference.",,"glossy, splotchy, hard, flat",0.06285596338261261,0.3529411764705882
A1__t2rgbP__rgb0__tpl1__imode_gold,A1,projector,images_rgb/image_1575_rgb.jpg,data/ssvtp\images_rgb/image_1575_rgb.jpg,1575,judgement,gold,gold,,,0,"The sample feels hard, splotchy, glossy. These cues may indicate a metal-like material.",,"glossy, splotchy, hard, flat",0.06285596338261261,0.3333333333333333
A1__t2rgbP__rgb0__tpl1__imode_gold,A1,projector,images_rgb/image_3298_rgb.jpg,data/ssvtp\images_rgb/image_3298_rgb.jpg,3298,property,gold,gold,,,0,"The surface feels flat, lined, providing a consistent and stable tactile experience.",,"hard, flat, lined",0.08054496384843701,0.26666666666666666
A1__t2rgbP__rgb0__tpl1__imode_gold,A1,projector,images_rgb/image_3298_rgb.jpg,data/ssvtp\images_rgb/image_3298_rgb.jpg,3298,comparison,gold,gold,,,0,"The surface feels flat, hard. It closely matches the lined, flat, hard reference tactile cues.",,"hard, flat, lined",0.05816635421147516,0.4
A1__t2rgbP__rgb0__tpl1__imode_gold,A1,projector,images_rgb/image_3298_rgb.jpg,data/ssvtp\images_rgb/image_3298_rgb.jpg,3298,judgement,gold,gold,,,0,"The surface feels smooth, lined. These cues may indicate a fabric-like material.",,"hard, flat, lined",0.05195151087116781,0.125
A1__t2rgbP__rgb0__tpl1__imode_gold,A1,projector,images_rgb/image_3669_rgb.jpg,data/ssvtp\images_rgb/image_3669_rgb.jpg,3669,property,gold,gold,,,0,"The surface feels soft, lined, fabric, providing a consistent and stable tactile experience.",,"fabric, coarse, deformable",0.05195151087116781,0.125
A1__t2rgbP__rgb0__tpl1__imode_gold,A1,projector,images_rgb/image_3669_rgb.jpg,data/ssvtp\images_rgb/image_3669_rgb.jpg,3669,comparison,gold,gold,,,0,"The surface feels grainy, fabric. It closely matches with the reference tactile labels.",,"fabric, coarse, deformable",0.05195151087116781,0.13333333333333333
A1__t2rgbP__rgb0__tpl1__imode_gold,A1,projector,images_rgb/image_3669_rgb.jpg,data/ssvtp\images_rgb/image_3669_rgb.jpg,3669,judgement,gold,gold,,,0,"The sample feels soft, fabric. These cues may indicate a fabric-like material.",,"fabric, coarse, deformable",0.05195151087116781,0.13333333333333333
A1__t2rgbP__rgb0__tpl1__imode_gold,A1,projector,images_rgb/image_3991_rgb.jpg,data/ssvtp\images_rgb/image_3991_rgb.jpg,3991,property,gold,gold,,,0,"The surface feels grainy, fabric, providing a consistent and stable tactile experience.",,"patterned, grainy, sewn, fabric",0.06772997136689071,0.25
A1__t2rgbP__rgb0__tpl1__imode_gold,A1,projector,images_rgb/image_3991_rgb.jpg,data/ssvtp\images_rgb/image_3991_rgb.jpg,3991,comparison,gold,gold,,,0,"The surface feels soft, lined, fabric. It closely matches the reference tactile labels fabric, granular, indicating a similar feel.",,"patterned, grainy, sewn, fabric",0.03404699216018259,0.09523809523809523
A1__t2rgbP__rgb0__tpl1__imode_gold,A1,projector,images_rgb/image_3991_rgb.jpg,data/ssvtp\images_rgb/image_3991_rgb.jpg,3991,judgement,gold,gold,,,0,"The sample feels fabric, lined. These cues may indicate a fabric-like material.",,"patterned, grainy, sewn, fabric",0.05195151087116781,0.125
A1__t2rgbP__rgb0__tpl1__imode_gold,A1,projector,images_rgb/image_1431_rgb.jpg,data/ssvtp\images_rgb/image_1431_rgb.jpg,1431,property,gold,gold,,,0,"The surface feels flat, hard, patterned, providing a consistent and stable tactile experience.",,"hard, uneven, plastic",0.05195151087116781,0.125
A1__t2rgbP__rgb0__tpl1__imode_gold,A1,projector,images_rgb/image_1431_rgb.jpg,data/ssvtp\images_rgb/image_1431_rgb.jpg,1431,comparison,gold,gold,,,0,"The surface feels shiny, smooth, hard. It best matches the reference tactile cues of metal, glossy, hard, uneven, providing a consistent tactile experience.",,"hard, uneven, plastic",0.03916449665002249,0.1739130434782609
A1__t2rgbP__rgb0__tpl1__imode_gold,A1,projector,images_rgb/image_1431_rgb.jpg,data/ssvtp\images_rgb/image_1431_rgb.jpg,1431,judgement,gold,gold,,,0,"The sample feels hard, smooth. These cues may indicate a plastic-like material.",,"hard, uneven, plastic",0.06178110636313397,0.25
A1__t2rgbP__rgb0__tpl1__imode_gold,A1,projector,images_rgb/image_3875_rgb.jpg,data/ssvtp\images_rgb/image_3875_rgb.jpg,3875,property,gold,gold,,,0,"The surface feels fabric, granular, providing a consistent and stable tactile experience.",,"smooth, lined, flat, hard",0.04789232204309912,0.0
A1__t2rgbP__rgb0__tpl1__imode_gold,A1,projector,images_rgb/image_3875_rgb.jpg,data/ssvtp\images_rgb/image_3875_rgb.jpg,3875,comparison,gold,gold,,,0,"The surface feels soft, fabric, lined. It closely matches the fabric, lined reference.",,"smooth, lined, flat, hard",0.05195151087116781,0.14285714285714288
A1__t2rgbP__rgb0__tpl1__imode_gold,A1,projector,images_rgb/image_3875_rgb.jpg,data/ssvtp\images_rgb/image_3875_rgb.jpg,3875,judgement,gold,gold,,,0,"The sample feels soft, fabric, lined. These cues may indicate a fabric-like material.",,"smooth, lined, flat, hard",0.04776020403411885,0.11764705882352941
